1/3/2023 5:19:56	Dan	"Wordle 563 4/6*

⬛⬛🟨⬛⬛
⬛🟨🟨🟨⬛
⬛🟨🟩🟩🟨
🟩🟩🟩🟩🟩"	pinto, satin
1/3/2023 7:21:29	Neela	"Wordle 563 4/6*

⬜⬜🟨⬜⬜
⬜🟨⬜⬜🟨
⬜🟨🟩🟩🟨
🟩🟩🟩🟩🟩"	Pilot, satin
1/3/2023 7:52:54	Fred	"Wordle 563 3/6*

⬜⬜🟨⬜⬜
⬜⬜🟨🟩🟩
🟩🟩🟩🟩🟩"	Sonic
1/3/2023 8:27:47	Mandy	"Wordle 563 5/6*

⬜⬜🟨⬜⬜
⬜🟨🟩🟨⬜
⬜🟨🟩🟩⬜
🟩⬜🟩🟩🟩
🟩🟩🟩🟩🟩"	Vital, batik, attic
1/3/2023 8:51:52	Sharon	"Wordle 563 4/6*

⬛⬛🟨⬛⬛
⬛⬛🟨🟩🟨
⬛🟨🟨🟩🟩
🟩🟩🟩🟩🟩"	Brain, manic
1/3/2023 9:58:53	Nancy	"Wordle 563 3/6*

⬜⬜🟨⬜⬜
🟨⬜🟨🟩🟨
🟩🟩🟩🟩🟩"	Train
1/3/2023 10:40:00	Becky	"Wordle 563 5/6*

⬛⬛🟨⬛⬛
⬛🟨🟨⬛⬛
🟨⬛🟨🟩⬛
⬛🟨🟨🟩🟩
🟩🟩🟩🟩🟩"	Picky, chair, manic